0 0.63515625 0.328125 0.16640625 0.446875
0 0.25 0.33828125 0.18984375 0.39296875
0 0.49296875 0.35703125 0.13359375 0.2765625
0 0.4265625 0.06328125 0.0234375 0.1234375
0 0.828125 0.63359375 0.2734375 0.7265625
0 0.5234375 0.0703125 0.03671875 0.13984375
0 0.496875 0.0734375 0.01640625 0.1234375
0 0.103125 0.72734375 0.20625 0.5359375
0 0.47578125 0.078125 0.0390625 0.15625
0 0.71796875 0.08359375 0.0265625 0.146875
0 0.75 0.08515625 0.03984375 0.1703125
0 0.4453125 0.11171875 0.046875 0.0765625
0 0.8703125 0.1484375 0.11328125 0.296875
0 0.9703125 0.18359375 0.05703125 0.36015625
1 0.40151515 0.051515149999999996 0 0.29393939375 0.00151515 0.6651515171875 0.4121212140625 0.1166666671875 0.40151515 0.051515149999999996
1 0.8181818171874999 1 0.49090909062500004 0.154545453125 0.39242424374999996 0.153030303125 0.25757575625 0.5318181828124999 0.09242424375 1 0.8181818171874999 1