0 0.73828125 0.41796875 0.0703125 0.23984375
0 0.81796875 0.51640625 0.09296875 0.11640625
0 0.73828125 0.5234375 0.08359375 0.43984375
0 0.68359375 0.528125 0.046875 0.0796875
0 0.6796875 0.5484375 0.06640625 0.13359375
0 0.675 0.63984375 0.09296875 0.30703125
0 0.5703125 0.66015625 0.1 0.28359375
0 0.44140625 0.66171875 0.103125 0.353125
0 0.1515625 0.6796875 0.26328125 0.3765625
0 0.86796875 0.71015625 0.19296875 0.23984375
0 0.06015625 0.13828125 0.06328125 0.21015625
0 0.2953125 0.21171875 0.08359375 0.153125
0 0.58828125 0.246875 0.153125 0.11640625
0 0.16796875 0.2546875 0.05 0.06640625
0 0.18203125 0.2546875 0.0265625 0.06640625
0 0.43359375 0.25703125 0.1703125 0.1234375
0 0.03515625 0.26328125 0.05 0.09296875
0 0.1484375 0.26484375 0.18671875 0.10703125
1 1 0.20909090937500002 0.00757575625 0.2166666671875 0.009090909375000001 0.3363636359375 1 0.34242424374999997 1 0.20909090937500002
1 0.99848485 0.5121212140625 0 0.55606060625 0.00151515 0.904545453125 1 0.8803030296875001 0.99848485 0.5121212140625