0 0.11640625 0.4953125 0.0265625 0.096875
0 0.26484375 0.71484375 0.046875 0.1703125
0 0.1984375 0.746875 0.046875 0.09296875
0 0.13359375 0.76484375 0.03359375 0.18359375
0 0.11171875 0.78671875 0.053125 0.1796875
0 0.04296875 0.79140625 0.03671875 0.203125
0 0.071875 0.7953125 0.03671875 0.196875
1 0.26060605937500003 0.5257575765625 0.3712121203125 0.9939393937500001 0.5878787859375 0.9939393937500001 0.339393940625 0.5181818171875 0.26060605937500003 0.5257575765625
1 0.9227272734374999 1 0.6 0.6166666671875001 0.489393940625 0.6212121203125001 0.7 1 0.9227272734374999 1
1 0.645454546875 0.6333333328124999 0.990909090625 0.99848485 1 0.8136363640625 0.7606060593749999 0.6227272734375 0.645454546875 0.6333333328124999
1 0.809090909375 0.6166666671875001 0.9939393937500001 0.7636363640625 1 0.65151515 0.9257575765625001 0.6 0.809090909375 0.6166666671875001