0 0.86328125 0.38828125 0.05 0.26640625
0 0.76015625 0.3953125 0.03984375 0.2796875
0 0.346875 0.3984375 0.0296875 0.2796875
0 0.66015625 0.4 0.05 0.28984375
0 0.31796875 0.4015625 0.053125 0.25703125
0 0.58203125 0.4015625 0.0265625 0.2765625
0 0.225 0.403125 0.03671875 0.26015625
0 0.26796875 0.40703125 0.05703125 0.26640625
0 0.71484375 0.40859375 0.053125 0.26015625
0 0.80703125 0.40859375 0.03984375 0.26015625
0 0.125 0.40859375 0.05 0.253125
0 0.61171875 0.41015625 0.03984375 0.26328125
0 0.96796875 0.41171875 0.05 0.246875
0 0.9234375 0.43203125 0.06015625 0.196875
0 0.48203125 0.63671875 0.15703125 0.66015625
0 0.7796875 0.225 0.0234375 0.06015625
0 0.28359375 0.2265625 0.03984375 0.08671875
0 0.34296875 0.2296875 0.03984375 0.06640625
0 0.65859375 0.23515625 0.03984375 0.08671875
0 0.31171875 0.23671875 0.0265625 0.0765625
0 0.91796875 0.23671875 0.0265625 0.1
0 0.85 0.23828125 0.0265625 0.0796875
0 0.11640625 0.24140625 0.03984375 0.103125
0 0.2 0.246875 0.03359375 0.11640625
0 0.73828125 0.2484375 0.03359375 0.10703125
0 0.88359375 0.2484375 0.0265625 0.08984375
0 0.2265625 0.25 0.046875 0.11640625
0 0.45859375 0.25 0.03359375 0.13671875
0 0.7015625 0.25 0.0265625 0.11640625
0 0.61015625 0.253125 0.04296875 0.1234375
0 0.75703125 0.26015625 0.04296875 0.1
0 0.8203125 0.26328125 0.0234375 0.08359375
0 0.98203125 0.26640625 0.03359375 0.16015625
0 0.15703125 0.2734375 0.03984375 0.1234375
0 0.96015625 0.2796875 0.03359375 0.146875
0 0.91484375 0.30703125 0.03984375 0.09296875
0 0.08671875 0.31796875 0.03984375 0.18671875
0 0.03515625 0.33359375 0.0703125 0.46328125
0 0.53203125 0.33359375 0.0734375 0.43984375
0 0.39296875 0.33984375 0.0734375 0.43984375