0 0.51640625 0.3953125 0.04296875 0.0765625
0 0.578125 0.41171875 0.046875 0.11328125
0 0.64140625 0.41328125 0.05 0.1265625
0 0.73671875 0.56796875 0.053125 0.1
0 0.7796875 0.5734375 0.06015625 0.1
0 0.69296875 0.5765625 0.06015625 0.096875
0 0.54140625 0.5796875 0.06328125 0.13671875
0 0.71640625 0.58203125 0.08984375 0.1265625
0 0.7 0.61171875 0.06015625 0.16640625
0 0.63671875 0.61328125 0.0703125 0.15
0 0.7796875 0.61484375 0.06640625 0.18671875
0 0.48984375 0.61796875 0.06328125 0.18984375
0 0.55 0.63515625 0.0734375 0.21640625
0 0.73984375 0.65703125 0.0796875 0.09296875
0 0.55859375 0.6765625 0.06640625 0.1734375
0 0.8234375 0.68984375 0.08671875 0.1265625
0 0.5984375 0.7296875 0.0703125 0.18359375
0 0.6 0.73359375 0.06328125 0.16015625
0 0.903125 0.8203125 0.103125 0.10703125
0 0.7734375 0.846875 0.0765625 0.2234375