0 0.92109375 0.23125 0.1578125 0.4625
0 0.8203125 0.2703125 0.096875 0.3203125
0 0.703125 0.28515625 0.03359375 0.15703125
0 0.6578125 0.0296875 0.034375 0.059375
0 0.7296875 0.30703125 0.03984375 0.1703125
0 0.44140625 0.321875 0.03984375 0.1265625
0 0.296875 0.36171875 0.05703125 0.13984375
0 0.78203125 0.36171875 0.04296875 0.13671875
0 0.65 0.396875 0.03984375 0.18359375
0 0.78515625 0.41171875 0.04296875 0.09296875
0 0.84296875 0.43671875 0.04296875 0.2
0 0.196875 0.46328125 0.05703125 0.19296875
0 0.9234375 0.48515625 0.15 0.2796875
0 0.46796875 0.48984375 0.03984375 0.153125
0 0.71640625 0.521875 0.05703125 0.196875
0 0.78203125 0.53671875 0.03984375 0.23359375
0 0.63359375 0.5765625 0.05 0.15703125
0 0.63671875 0.65859375 0.053125 0.2
0 0.50703125 0.675 0.06328125 0.253125
0 0.703125 0.76328125 0.1 0.2296875
0 0.93671875 0.7703125 0.1234375 0.45703125
0 0.7296875 0.846875 0.06640625 0.2765625
0 0.8296875 0.8484375 0.0703125 0.28359375
0 0.6046875 0.8515625 0.08671875 0.28359375
0 0.7015625 0.88828125 0.0796875 0.2203125
0 0.46328125 0.91015625 0.05703125 0.1765625
0 0.78515625 0.9203125 0.0734375 0.15703125
0 0.8296875 0.103125 0.03359375 0.11328125
0 0.86171875 0.11015625 0.05 0.146875
1 0.8287878796875001 0.004545453125 0.059090909375 0.9939393937500001 0.3136363640625 1 0.8651515171874999 0.003030303125 0.8287878796875001 0.004545453125
1 0 0.810606059375 0.0136363640625 0.79848485 0.809090909375 0.009090909375000001 0.7818181828124999 0 0.003030303125 0.60151515 0 0.810606059375