0 0.73984375 0.146875 0.0296875 0.09296875
0 0.71015625 0.171875 0.03984375 0.08671875
0 0.66328125 0.18828125 0.03984375 0.096875
0 0.6203125 0.23515625 0.0734375 0.13671875
0 0.59140625 0.271875 0.05703125 0.1703125
0 0.5546875 0.3 0.046875 0.14296875
0 0.5015625 0.30703125 0.03984375 0.1234375
0 0.48515625 0.33671875 0.046875 0.13359375
0 0.48671875 0.34140625 0.04296875 0.1234375
0 0.43984375 0.353125 0.03359375 0.096875
0 0.43828125 0.58828125 0.11640625 0.196875
0 0.20859375 0.65703125 0.0296875 0.103125
0 0.25703125 0.71015625 0.06015625 0.23984375
0 0.2984375 0.71484375 0.08671875 0.246875
0 0.16640625 0.728125 0.28984375 0.53984375
0 0.8296875 0.08203125 0.03359375 0.11640625
0 0.7984375 0.09296875 0.03984375 0.1
0 0.88515625 0.11796875 0.053125 0.2234375
0 0.76796875 0.1203125 0.0265625 0.08984375
1 0.99848485 0.7712121203125 0 0.753030303125 0.00606060625 0.7833333328125 0.996969696875 0.8818181828125 0.99848485 0.7712121203125
1 0.3878787859375 0.65606060625 1 0.5727272734375 0.995454546875 0.3787878796875 0.43333333281249997 0.54242424375 0.3878787859375 0.65606060625